2.950000000 3.041205824
3.041205824 3.135231479
3.135231479 3.232164148
3.232164148 3.332093705
3.332093705 3.435112807
3.435112807 3.541316975
3.541316975 3.650804681
3.650804681 3.763677444
3.763677444 3.880039919
3.880039919 4.000000000
4.000000000 4.423292068
4.423292068 4.891378180
4.891378180 5.408998576
5.408998576 5.981395125
5.981395125 6.614364403
6.614364403 7.314316400
7.314316400 8.088339429
8.088339429 8.944271910
8.944271910 9.890781749
9.890781749 10.937454114
10.937454114 12.094888507
12.094888507 13.374806100
13.374806100 14.790168433
14.790168433 16.355308679
16.355308679 18.086076788
18.086076788 20.000000000
20.000000000 33.009513340
33.009513340 54.481398549
54.481398549 89.920222610
89.920222610 148.411139390
148.411139390 244.948974278
244.948974278 404.282321708
404.282321708 667.258134586
667.258134586 1101.293314755
1101.293314755 1817.657818255
1817.657818255 3000.000000000
